{
 "cells": [
  {
   "cell_type": "markdown",
   "metadata": {},
   "source": [
    "# Une analyse qui fleure bon les années 50"
   ]
  },
  {
   "cell_type": "markdown",
   "metadata": {},
   "source": [
    "## Introduction"
   ]
  },
  {
   "cell_type": "markdown",
   "metadata": {},
   "source": [
    "Cette étude de cas est extraite de l'ouvrage de Jean-Pierre Benzécri\n",
    "\"Analyse des données. Tome 2 : l'analyse des correspondances\". Il\n",
    "s'agit d'une étude réelle dont nous avons complété les\n",
    "objectifs. \n",
    "\n",
    "Pour bien effectuer cette analyse et se remettre dans le contexte le l'époque, il est impératif de (re)voir \"OSS117 : le Caire nid d'espions\"\n"
   ]
  },
  {
   "cell_type": "markdown",
   "metadata": {},
   "source": [
    "## But"
   ]
  },
  {
   "cell_type": "markdown",
   "metadata": {},
   "source": [
    "Une enquête a été effectuée auprès de cent fumeurs afin de choisir les\n",
    "noms de deux nouvelles marques de cigarettes. La première marque est\n",
    "destinée à une clientèle masculine : L'homme ciblé est un connaisseur\n",
    "distingué, raffiné mais viril, de niveau socio-économique élevé. La\n",
    "seconde symbolise un public féminin, élégant, assuré, dynamique."
   ]
  },
  {
   "cell_type": "markdown",
   "metadata": {},
   "source": [
    "## Les donées"
   ]
  },
  {
   "cell_type": "markdown",
   "metadata": {},
   "source": [
    "Douze marques ont été retenues :\n",
    "- Orly (Orl)\n",
    "- Alezan (Ale)\n",
    "- Corsaire (Cor)\n",
    "- Directoire (Dir)\n",
    "- Ducat (Duc)\n",
    "- Fontenoy (Fon)\n",
    "- Icare (Ica)\n",
    "- Zodiac (Zod)\n",
    "- Pavois (Pav)\n",
    "- Cocker (Coc)\n",
    "- Escale (Esc)\n",
    "- Hôtesse (Hot)\n",
    "\n",
    "Pour évaluer leur image auprès du public, onze attributs ont été\n",
    "proposés aux fumeurs :\n",
    "- vieillot - désuet (VD)\n",
    "- nouveau riche (NR)\n",
    "- sobre, élégant (SE)\n",
    "- cocasse - ridicule (CR)\n",
    "- racé (RA)\n",
    "- mièvre (MI)\n",
    "- distingué (DI)\n",
    "- vulgaire - commun (VC)\n",
    "- pour un homme (HO)\n",
    "- pour une femme (FE)\n",
    "- pour une petite nature (NA)\n",
    "\n",
    "On a demandé à chacun des cent fumeurs d'associer une ou plusieurs\n",
    "parques qui selon eux conviennent le mieux.\n",
    "Le tableau de données est disponible dans le fichier \"fume.txt\"."
   ]
  },
  {
   "cell_type": "code",
   "execution_count": 47,
   "metadata": {},
   "outputs": [],
   "source": [
    "import pandas\n",
    "import numpy\n",
    "import matplotlib.pyplot as plt"
   ]
  },
  {
   "cell_type": "code",
   "execution_count": 2,
   "metadata": {},
   "outputs": [],
   "source": [
    "fume = pandas.read_csv(\"./3_ressources/fume.txt\", delim_whitespace=True)"
   ]
  },
  {
   "cell_type": "code",
   "execution_count": 11,
   "metadata": {},
   "outputs": [
    {
     "data": {
      "text/html": [
       "<div>\n",
       "<style scoped>\n",
       "    .dataframe tbody tr th:only-of-type {\n",
       "        vertical-align: middle;\n",
       "    }\n",
       "\n",
       "    .dataframe tbody tr th {\n",
       "        vertical-align: top;\n",
       "    }\n",
       "\n",
       "    .dataframe thead th {\n",
       "        text-align: right;\n",
       "    }\n",
       "</style>\n",
       "<table border=\"1\" class=\"dataframe\">\n",
       "  <thead>\n",
       "    <tr style=\"text-align: right;\">\n",
       "      <th></th>\n",
       "      <th>Orl</th>\n",
       "      <th>Ale</th>\n",
       "      <th>Cor</th>\n",
       "      <th>Dir</th>\n",
       "      <th>Duc</th>\n",
       "      <th>Fon</th>\n",
       "      <th>Ica</th>\n",
       "      <th>Zod</th>\n",
       "      <th>Pav</th>\n",
       "      <th>Coc</th>\n",
       "      <th>Esc</th>\n",
       "      <th>Hot</th>\n",
       "    </tr>\n",
       "  </thead>\n",
       "  <tbody>\n",
       "    <tr>\n",
       "      <th>VD</th>\n",
       "      <td>1</td>\n",
       "      <td>2</td>\n",
       "      <td>14</td>\n",
       "      <td>38</td>\n",
       "      <td>18</td>\n",
       "      <td>10</td>\n",
       "      <td>9</td>\n",
       "      <td>5</td>\n",
       "      <td>9</td>\n",
       "      <td>4</td>\n",
       "      <td>0</td>\n",
       "      <td>1</td>\n",
       "    </tr>\n",
       "    <tr>\n",
       "      <th>NR</th>\n",
       "      <td>20</td>\n",
       "      <td>9</td>\n",
       "      <td>1</td>\n",
       "      <td>11</td>\n",
       "      <td>10</td>\n",
       "      <td>9</td>\n",
       "      <td>1</td>\n",
       "      <td>1</td>\n",
       "      <td>20</td>\n",
       "      <td>9</td>\n",
       "      <td>7</td>\n",
       "      <td>12</td>\n",
       "    </tr>\n",
       "    <tr>\n",
       "      <th>SE</th>\n",
       "      <td>9</td>\n",
       "      <td>23</td>\n",
       "      <td>1</td>\n",
       "      <td>15</td>\n",
       "      <td>7</td>\n",
       "      <td>11</td>\n",
       "      <td>6</td>\n",
       "      <td>2</td>\n",
       "      <td>7</td>\n",
       "      <td>12</td>\n",
       "      <td>3</td>\n",
       "      <td>17</td>\n",
       "    </tr>\n",
       "    <tr>\n",
       "      <th>CR</th>\n",
       "      <td>1</td>\n",
       "      <td>3</td>\n",
       "      <td>15</td>\n",
       "      <td>15</td>\n",
       "      <td>6</td>\n",
       "      <td>5</td>\n",
       "      <td>12</td>\n",
       "      <td>18</td>\n",
       "      <td>4</td>\n",
       "      <td>25</td>\n",
       "      <td>2</td>\n",
       "      <td>2</td>\n",
       "    </tr>\n",
       "    <tr>\n",
       "      <th>RA</th>\n",
       "      <td>4</td>\n",
       "      <td>33</td>\n",
       "      <td>7</td>\n",
       "      <td>8</td>\n",
       "      <td>3</td>\n",
       "      <td>6</td>\n",
       "      <td>6</td>\n",
       "      <td>4</td>\n",
       "      <td>5</td>\n",
       "      <td>15</td>\n",
       "      <td>5</td>\n",
       "      <td>3</td>\n",
       "    </tr>\n",
       "    <tr>\n",
       "      <th>MI</th>\n",
       "      <td>3</td>\n",
       "      <td>9</td>\n",
       "      <td>1</td>\n",
       "      <td>7</td>\n",
       "      <td>7</td>\n",
       "      <td>5</td>\n",
       "      <td>12</td>\n",
       "      <td>9</td>\n",
       "      <td>6</td>\n",
       "      <td>9</td>\n",
       "      <td>6</td>\n",
       "      <td>13</td>\n",
       "    </tr>\n",
       "    <tr>\n",
       "      <th>DI</th>\n",
       "      <td>11</td>\n",
       "      <td>9</td>\n",
       "      <td>1</td>\n",
       "      <td>17</td>\n",
       "      <td>4</td>\n",
       "      <td>21</td>\n",
       "      <td>6</td>\n",
       "      <td>1</td>\n",
       "      <td>5</td>\n",
       "      <td>4</td>\n",
       "      <td>5</td>\n",
       "      <td>27</td>\n",
       "    </tr>\n",
       "    <tr>\n",
       "      <th>VC</th>\n",
       "      <td>4</td>\n",
       "      <td>4</td>\n",
       "      <td>32</td>\n",
       "      <td>2</td>\n",
       "      <td>6</td>\n",
       "      <td>0</td>\n",
       "      <td>9</td>\n",
       "      <td>7</td>\n",
       "      <td>3</td>\n",
       "      <td>10</td>\n",
       "      <td>12</td>\n",
       "      <td>7</td>\n",
       "    </tr>\n",
       "    <tr>\n",
       "      <th>HO</th>\n",
       "      <td>9</td>\n",
       "      <td>12</td>\n",
       "      <td>23</td>\n",
       "      <td>4</td>\n",
       "      <td>7</td>\n",
       "      <td>13</td>\n",
       "      <td>5</td>\n",
       "      <td>5</td>\n",
       "      <td>10</td>\n",
       "      <td>5</td>\n",
       "      <td>13</td>\n",
       "      <td>9</td>\n",
       "    </tr>\n",
       "    <tr>\n",
       "      <th>FE</th>\n",
       "      <td>9</td>\n",
       "      <td>3</td>\n",
       "      <td>9</td>\n",
       "      <td>8</td>\n",
       "      <td>4</td>\n",
       "      <td>2</td>\n",
       "      <td>6</td>\n",
       "      <td>8</td>\n",
       "      <td>1</td>\n",
       "      <td>6</td>\n",
       "      <td>23</td>\n",
       "      <td>33</td>\n",
       "    </tr>\n",
       "    <tr>\n",
       "      <th>PN</th>\n",
       "      <td>7</td>\n",
       "      <td>5</td>\n",
       "      <td>2</td>\n",
       "      <td>7</td>\n",
       "      <td>11</td>\n",
       "      <td>2</td>\n",
       "      <td>6</td>\n",
       "      <td>11</td>\n",
       "      <td>9</td>\n",
       "      <td>24</td>\n",
       "      <td>10</td>\n",
       "      <td>5</td>\n",
       "    </tr>\n",
       "  </tbody>\n",
       "</table>\n",
       "</div>"
      ],
      "text/plain": [
       "    Orl  Ale  Cor  Dir  Duc  Fon  Ica  Zod  Pav  Coc  Esc  Hot\n",
       "VD    1    2   14   38   18   10    9    5    9    4    0    1\n",
       "NR   20    9    1   11   10    9    1    1   20    9    7   12\n",
       "SE    9   23    1   15    7   11    6    2    7   12    3   17\n",
       "CR    1    3   15   15    6    5   12   18    4   25    2    2\n",
       "RA    4   33    7    8    3    6    6    4    5   15    5    3\n",
       "MI    3    9    1    7    7    5   12    9    6    9    6   13\n",
       "DI   11    9    1   17    4   21    6    1    5    4    5   27\n",
       "VC    4    4   32    2    6    0    9    7    3   10   12    7\n",
       "HO    9   12   23    4    7   13    5    5   10    5   13    9\n",
       "FE    9    3    9    8    4    2    6    8    1    6   23   33\n",
       "PN    7    5    2    7   11    2    6   11    9   24   10    5"
      ]
     },
     "execution_count": 11,
     "metadata": {},
     "output_type": "execute_result"
    }
   ],
   "source": [
    "fume"
   ]
  },
  {
   "cell_type": "markdown",
   "metadata": {},
   "source": [
    "## Analyse"
   ]
  },
  {
   "cell_type": "markdown",
   "metadata": {},
   "source": [
    "### Quelles sont les marques les plus citées ? Attributs ?"
   ]
  },
  {
   "cell_type": "code",
   "execution_count": 4,
   "metadata": {},
   "outputs": [
    {
     "data": {
      "text/plain": [
       "Orl     78\n",
       "Ale    112\n",
       "Cor    106\n",
       "Dir    132\n",
       "Duc     83\n",
       "Fon     84\n",
       "Ica     78\n",
       "Zod     71\n",
       "Pav     79\n",
       "Coc    123\n",
       "Esc     86\n",
       "Hot    129\n",
       "dtype: int64"
      ]
     },
     "execution_count": 4,
     "metadata": {},
     "output_type": "execute_result"
    }
   ],
   "source": [
    "fume.sum()"
   ]
  },
  {
   "cell_type": "markdown",
   "metadata": {},
   "source": [
    "La marque la plus citées est Directoire (Dir). Les avis sont partagés entre : sobre, élégant (SE) ,\n",
    "cocasse - ridicule (CR) , distingué (DI) et vieillot - désuet (VD)"
   ]
  },
  {
   "cell_type": "markdown",
   "metadata": {},
   "source": [
    "## Les publics visés ont-ils des points communs ? Quels sont les attributs correspondants  Pourquoi a-t-on proposé des attributs ne leur correspondant pas ?"
   ]
  },
  {
   "cell_type": "code",
   "execution_count": 29,
   "metadata": {},
   "outputs": [
    {
     "data": {
      "text/html": [
       "<div>\n",
       "<style scoped>\n",
       "    .dataframe tbody tr th:only-of-type {\n",
       "        vertical-align: middle;\n",
       "    }\n",
       "\n",
       "    .dataframe tbody tr th {\n",
       "        vertical-align: top;\n",
       "    }\n",
       "\n",
       "    .dataframe thead th {\n",
       "        text-align: right;\n",
       "    }\n",
       "</style>\n",
       "<table border=\"1\" class=\"dataframe\">\n",
       "  <thead>\n",
       "    <tr style=\"text-align: right;\">\n",
       "      <th></th>\n",
       "      <th>VD</th>\n",
       "      <th>NR</th>\n",
       "      <th>SE</th>\n",
       "      <th>CR</th>\n",
       "      <th>RA</th>\n",
       "      <th>MI</th>\n",
       "      <th>DI</th>\n",
       "      <th>VC</th>\n",
       "      <th>HO</th>\n",
       "      <th>FE</th>\n",
       "      <th>PN</th>\n",
       "    </tr>\n",
       "  </thead>\n",
       "  <tbody>\n",
       "    <tr>\n",
       "      <th>VD</th>\n",
       "      <td>1.000000</td>\n",
       "      <td>-0.047317</td>\n",
       "      <td>0.028331</td>\n",
       "      <td>0.309535</td>\n",
       "      <td>-0.149642</td>\n",
       "      <td>-0.178086</td>\n",
       "      <td>0.094118</td>\n",
       "      <td>-0.055486</td>\n",
       "      <td>-0.179524</td>\n",
       "      <td>-0.309178</td>\n",
       "      <td>-0.140202</td>\n",
       "    </tr>\n",
       "    <tr>\n",
       "      <th>NR</th>\n",
       "      <td>-0.047317</td>\n",
       "      <td>1.000000</td>\n",
       "      <td>0.361700</td>\n",
       "      <td>-0.519635</td>\n",
       "      <td>-0.059724</td>\n",
       "      <td>-0.179346</td>\n",
       "      <td>0.346943</td>\n",
       "      <td>-0.539351</td>\n",
       "      <td>-0.155218</td>\n",
       "      <td>-0.029794</td>\n",
       "      <td>0.066887</td>\n",
       "    </tr>\n",
       "    <tr>\n",
       "      <th>SE</th>\n",
       "      <td>0.028331</td>\n",
       "      <td>0.361700</td>\n",
       "      <td>1.000000</td>\n",
       "      <td>-0.224513</td>\n",
       "      <td>0.660527</td>\n",
       "      <td>0.418029</td>\n",
       "      <td>0.620771</td>\n",
       "      <td>-0.513750</td>\n",
       "      <td>-0.231883</td>\n",
       "      <td>0.052312</td>\n",
       "      <td>-0.057642</td>\n",
       "    </tr>\n",
       "    <tr>\n",
       "      <th>CR</th>\n",
       "      <td>0.309535</td>\n",
       "      <td>-0.519635</td>\n",
       "      <td>-0.224513</td>\n",
       "      <td>1.000000</td>\n",
       "      <td>0.055418</td>\n",
       "      <td>0.091672</td>\n",
       "      <td>-0.406348</td>\n",
       "      <td>0.326095</td>\n",
       "      <td>-0.261510</td>\n",
       "      <td>-0.273224</td>\n",
       "      <td>0.556835</td>\n",
       "    </tr>\n",
       "    <tr>\n",
       "      <th>RA</th>\n",
       "      <td>-0.149642</td>\n",
       "      <td>-0.059724</td>\n",
       "      <td>0.660527</td>\n",
       "      <td>0.055418</td>\n",
       "      <td>1.000000</td>\n",
       "      <td>0.148027</td>\n",
       "      <td>-0.081693</td>\n",
       "      <td>-0.075223</td>\n",
       "      <td>0.085671</td>\n",
       "      <td>-0.300455</td>\n",
       "      <td>0.076238</td>\n",
       "    </tr>\n",
       "    <tr>\n",
       "      <th>MI</th>\n",
       "      <td>-0.178086</td>\n",
       "      <td>-0.179346</td>\n",
       "      <td>0.418029</td>\n",
       "      <td>0.091672</td>\n",
       "      <td>0.148027</td>\n",
       "      <td>1.000000</td>\n",
       "      <td>0.287939</td>\n",
       "      <td>-0.375048</td>\n",
       "      <td>-0.639788</td>\n",
       "      <td>0.327251</td>\n",
       "      <td>0.236655</td>\n",
       "    </tr>\n",
       "    <tr>\n",
       "      <th>DI</th>\n",
       "      <td>0.094118</td>\n",
       "      <td>0.346943</td>\n",
       "      <td>0.620771</td>\n",
       "      <td>-0.406348</td>\n",
       "      <td>-0.081693</td>\n",
       "      <td>0.287939</td>\n",
       "      <td>1.000000</td>\n",
       "      <td>-0.466241</td>\n",
       "      <td>-0.106864</td>\n",
       "      <td>0.436111</td>\n",
       "      <td>-0.402316</td>\n",
       "    </tr>\n",
       "    <tr>\n",
       "      <th>VC</th>\n",
       "      <td>-0.055486</td>\n",
       "      <td>-0.539351</td>\n",
       "      <td>-0.513750</td>\n",
       "      <td>0.326095</td>\n",
       "      <td>-0.075223</td>\n",
       "      <td>-0.375048</td>\n",
       "      <td>-0.466241</td>\n",
       "      <td>1.000000</td>\n",
       "      <td>0.676811</td>\n",
       "      <td>0.186864</td>\n",
       "      <td>-0.088127</td>\n",
       "    </tr>\n",
       "    <tr>\n",
       "      <th>HO</th>\n",
       "      <td>-0.179524</td>\n",
       "      <td>-0.155218</td>\n",
       "      <td>-0.231883</td>\n",
       "      <td>-0.261510</td>\n",
       "      <td>0.085671</td>\n",
       "      <td>-0.639788</td>\n",
       "      <td>-0.106864</td>\n",
       "      <td>0.676811</td>\n",
       "      <td>1.000000</td>\n",
       "      <td>0.077907</td>\n",
       "      <td>-0.524014</td>\n",
       "    </tr>\n",
       "    <tr>\n",
       "      <th>FE</th>\n",
       "      <td>-0.309178</td>\n",
       "      <td>-0.029794</td>\n",
       "      <td>0.052312</td>\n",
       "      <td>-0.273224</td>\n",
       "      <td>-0.300455</td>\n",
       "      <td>0.327251</td>\n",
       "      <td>0.436111</td>\n",
       "      <td>0.186864</td>\n",
       "      <td>0.077907</td>\n",
       "      <td>1.000000</td>\n",
       "      <td>-0.086543</td>\n",
       "    </tr>\n",
       "    <tr>\n",
       "      <th>PN</th>\n",
       "      <td>-0.140202</td>\n",
       "      <td>0.066887</td>\n",
       "      <td>-0.057642</td>\n",
       "      <td>0.556835</td>\n",
       "      <td>0.076238</td>\n",
       "      <td>0.236655</td>\n",
       "      <td>-0.402316</td>\n",
       "      <td>-0.088127</td>\n",
       "      <td>-0.524014</td>\n",
       "      <td>-0.086543</td>\n",
       "      <td>1.000000</td>\n",
       "    </tr>\n",
       "  </tbody>\n",
       "</table>\n",
       "</div>"
      ],
      "text/plain": [
       "          VD        NR        SE        CR        RA        MI        DI  \\\n",
       "VD  1.000000 -0.047317  0.028331  0.309535 -0.149642 -0.178086  0.094118   \n",
       "NR -0.047317  1.000000  0.361700 -0.519635 -0.059724 -0.179346  0.346943   \n",
       "SE  0.028331  0.361700  1.000000 -0.224513  0.660527  0.418029  0.620771   \n",
       "CR  0.309535 -0.519635 -0.224513  1.000000  0.055418  0.091672 -0.406348   \n",
       "RA -0.149642 -0.059724  0.660527  0.055418  1.000000  0.148027 -0.081693   \n",
       "MI -0.178086 -0.179346  0.418029  0.091672  0.148027  1.000000  0.287939   \n",
       "DI  0.094118  0.346943  0.620771 -0.406348 -0.081693  0.287939  1.000000   \n",
       "VC -0.055486 -0.539351 -0.513750  0.326095 -0.075223 -0.375048 -0.466241   \n",
       "HO -0.179524 -0.155218 -0.231883 -0.261510  0.085671 -0.639788 -0.106864   \n",
       "FE -0.309178 -0.029794  0.052312 -0.273224 -0.300455  0.327251  0.436111   \n",
       "PN -0.140202  0.066887 -0.057642  0.556835  0.076238  0.236655 -0.402316   \n",
       "\n",
       "          VC        HO        FE        PN  \n",
       "VD -0.055486 -0.179524 -0.309178 -0.140202  \n",
       "NR -0.539351 -0.155218 -0.029794  0.066887  \n",
       "SE -0.513750 -0.231883  0.052312 -0.057642  \n",
       "CR  0.326095 -0.261510 -0.273224  0.556835  \n",
       "RA -0.075223  0.085671 -0.300455  0.076238  \n",
       "MI -0.375048 -0.639788  0.327251  0.236655  \n",
       "DI -0.466241 -0.106864  0.436111 -0.402316  \n",
       "VC  1.000000  0.676811  0.186864 -0.088127  \n",
       "HO  0.676811  1.000000  0.077907 -0.524014  \n",
       "FE  0.186864  0.077907  1.000000 -0.086543  \n",
       "PN -0.088127 -0.524014 -0.086543  1.000000  "
      ]
     },
     "execution_count": 29,
     "metadata": {},
     "output_type": "execute_result"
    }
   ],
   "source": [
    "trans = fume.T\n",
    "trans.corr()"
   ]
  },
  {
   "cell_type": "code",
   "execution_count": null,
   "metadata": {},
   "outputs": [],
   "source": [
    "Le public Homme est correlé très négativement avec : mièvre (MI) et petite nature (PN). Cela correspond bien à un public masculin\n",
    "qui se veut grand consommateur et non enfantin. Le public Femme est correlé positivement avec : distinguée (DI) et mièvre (MI) et négativement\n",
    "avec vieillot - désuet (VD) et cocasse - ridicule (CR); Ces critères semblent cohérents avec un public féminin."
   ]
  },
  {
   "cell_type": "markdown",
   "metadata": {},
   "source": [
    "## Regarder la correlation entre les marques. Quelles sont les marques dont les correlations sont les plus faibles ? Les plus élevées ? Comment interpréter ces résultats ?"
   ]
  },
  {
   "cell_type": "code",
   "execution_count": 6,
   "metadata": {},
   "outputs": [
    {
     "data": {
      "text/html": [
       "<div>\n",
       "<style scoped>\n",
       "    .dataframe tbody tr th:only-of-type {\n",
       "        vertical-align: middle;\n",
       "    }\n",
       "\n",
       "    .dataframe tbody tr th {\n",
       "        vertical-align: top;\n",
       "    }\n",
       "\n",
       "    .dataframe thead th {\n",
       "        text-align: right;\n",
       "    }\n",
       "</style>\n",
       "<table border=\"1\" class=\"dataframe\">\n",
       "  <thead>\n",
       "    <tr style=\"text-align: right;\">\n",
       "      <th></th>\n",
       "      <th>Orl</th>\n",
       "      <th>Ale</th>\n",
       "      <th>Cor</th>\n",
       "      <th>Dir</th>\n",
       "      <th>Duc</th>\n",
       "      <th>Fon</th>\n",
       "      <th>Ica</th>\n",
       "      <th>Zod</th>\n",
       "      <th>Pav</th>\n",
       "      <th>Coc</th>\n",
       "      <th>Esc</th>\n",
       "      <th>Hot</th>\n",
       "    </tr>\n",
       "  </thead>\n",
       "  <tbody>\n",
       "    <tr>\n",
       "      <th>Orl</th>\n",
       "      <td>1.000000</td>\n",
       "      <td>0.078890</td>\n",
       "      <td>-0.385623</td>\n",
       "      <td>-0.227384</td>\n",
       "      <td>-0.105492</td>\n",
       "      <td>0.353184</td>\n",
       "      <td>-0.878422</td>\n",
       "      <td>-0.601608</td>\n",
       "      <td>0.656980</td>\n",
       "      <td>-0.287188</td>\n",
       "      <td>0.264796</td>\n",
       "      <td>0.473373</td>\n",
       "    </tr>\n",
       "    <tr>\n",
       "      <th>Ale</th>\n",
       "      <td>0.078890</td>\n",
       "      <td>1.000000</td>\n",
       "      <td>-0.282634</td>\n",
       "      <td>-0.194375</td>\n",
       "      <td>-0.410363</td>\n",
       "      <td>0.202447</td>\n",
       "      <td>-0.288643</td>\n",
       "      <td>-0.443854</td>\n",
       "      <td>0.021842</td>\n",
       "      <td>0.052709</td>\n",
       "      <td>-0.242015</td>\n",
       "      <td>-0.087529</td>\n",
       "    </tr>\n",
       "    <tr>\n",
       "      <th>Cor</th>\n",
       "      <td>-0.385623</td>\n",
       "      <td>-0.282634</td>\n",
       "      <td>1.000000</td>\n",
       "      <td>-0.162707</td>\n",
       "      <td>0.004942</td>\n",
       "      <td>-0.294130</td>\n",
       "      <td>0.269740</td>\n",
       "      <td>0.247279</td>\n",
       "      <td>-0.282714</td>\n",
       "      <td>-0.101100</td>\n",
       "      <td>0.247859</td>\n",
       "      <td>-0.342543</td>\n",
       "    </tr>\n",
       "    <tr>\n",
       "      <th>Dir</th>\n",
       "      <td>-0.227384</td>\n",
       "      <td>-0.194375</td>\n",
       "      <td>-0.162707</td>\n",
       "      <td>1.000000</td>\n",
       "      <td>0.681087</td>\n",
       "      <td>0.392637</td>\n",
       "      <td>0.155411</td>\n",
       "      <td>-0.129529</td>\n",
       "      <td>0.126777</td>\n",
       "      <td>-0.223698</td>\n",
       "      <td>-0.602991</td>\n",
       "      <td>-0.166731</td>\n",
       "    </tr>\n",
       "    <tr>\n",
       "      <th>Duc</th>\n",
       "      <td>-0.105492</td>\n",
       "      <td>-0.410363</td>\n",
       "      <td>0.004942</td>\n",
       "      <td>0.681087</td>\n",
       "      <td>1.000000</td>\n",
       "      <td>0.004630</td>\n",
       "      <td>0.018099</td>\n",
       "      <td>-0.022243</td>\n",
       "      <td>0.500159</td>\n",
       "      <td>-0.080054</td>\n",
       "      <td>-0.380329</td>\n",
       "      <td>-0.465978</td>\n",
       "    </tr>\n",
       "    <tr>\n",
       "      <th>Fon</th>\n",
       "      <td>0.353184</td>\n",
       "      <td>0.202447</td>\n",
       "      <td>-0.294130</td>\n",
       "      <td>0.392637</td>\n",
       "      <td>0.004630</td>\n",
       "      <td>1.000000</td>\n",
       "      <td>-0.307899</td>\n",
       "      <td>-0.587032</td>\n",
       "      <td>0.257892</td>\n",
       "      <td>-0.485391</td>\n",
       "      <td>-0.386293</td>\n",
       "      <td>0.276057</td>\n",
       "    </tr>\n",
       "    <tr>\n",
       "      <th>Ica</th>\n",
       "      <td>-0.878422</td>\n",
       "      <td>-0.288643</td>\n",
       "      <td>0.269740</td>\n",
       "      <td>0.155411</td>\n",
       "      <td>0.018099</td>\n",
       "      <td>-0.307899</td>\n",
       "      <td>1.000000</td>\n",
       "      <td>0.685469</td>\n",
       "      <td>-0.617662</td>\n",
       "      <td>0.259927</td>\n",
       "      <td>-0.278894</td>\n",
       "      <td>-0.287651</td>\n",
       "    </tr>\n",
       "    <tr>\n",
       "      <th>Zod</th>\n",
       "      <td>-0.601608</td>\n",
       "      <td>-0.443854</td>\n",
       "      <td>0.247279</td>\n",
       "      <td>-0.129529</td>\n",
       "      <td>-0.022243</td>\n",
       "      <td>-0.587032</td>\n",
       "      <td>0.685469</td>\n",
       "      <td>1.000000</td>\n",
       "      <td>-0.400936</td>\n",
       "      <td>0.700532</td>\n",
       "      <td>0.048969</td>\n",
       "      <td>-0.338697</td>\n",
       "    </tr>\n",
       "    <tr>\n",
       "      <th>Pav</th>\n",
       "      <td>0.656980</td>\n",
       "      <td>0.021842</td>\n",
       "      <td>-0.282714</td>\n",
       "      <td>0.126777</td>\n",
       "      <td>0.500159</td>\n",
       "      <td>0.257892</td>\n",
       "      <td>-0.617662</td>\n",
       "      <td>-0.400936</td>\n",
       "      <td>1.000000</td>\n",
       "      <td>-0.086339</td>\n",
       "      <td>-0.255967</td>\n",
       "      <td>-0.254436</td>\n",
       "    </tr>\n",
       "    <tr>\n",
       "      <th>Coc</th>\n",
       "      <td>-0.287188</td>\n",
       "      <td>0.052709</td>\n",
       "      <td>-0.101100</td>\n",
       "      <td>-0.223698</td>\n",
       "      <td>-0.080054</td>\n",
       "      <td>-0.485391</td>\n",
       "      <td>0.259927</td>\n",
       "      <td>0.700532</td>\n",
       "      <td>-0.086339</td>\n",
       "      <td>1.000000</td>\n",
       "      <td>-0.210048</td>\n",
       "      <td>-0.485576</td>\n",
       "    </tr>\n",
       "    <tr>\n",
       "      <th>Esc</th>\n",
       "      <td>0.264796</td>\n",
       "      <td>-0.242015</td>\n",
       "      <td>0.247859</td>\n",
       "      <td>-0.602991</td>\n",
       "      <td>-0.380329</td>\n",
       "      <td>-0.386293</td>\n",
       "      <td>-0.278894</td>\n",
       "      <td>0.048969</td>\n",
       "      <td>-0.255967</td>\n",
       "      <td>-0.210048</td>\n",
       "      <td>1.000000</td>\n",
       "      <td>0.549594</td>\n",
       "    </tr>\n",
       "    <tr>\n",
       "      <th>Hot</th>\n",
       "      <td>0.473373</td>\n",
       "      <td>-0.087529</td>\n",
       "      <td>-0.342543</td>\n",
       "      <td>-0.166731</td>\n",
       "      <td>-0.465978</td>\n",
       "      <td>0.276057</td>\n",
       "      <td>-0.287651</td>\n",
       "      <td>-0.338697</td>\n",
       "      <td>-0.254436</td>\n",
       "      <td>-0.485576</td>\n",
       "      <td>0.549594</td>\n",
       "      <td>1.000000</td>\n",
       "    </tr>\n",
       "  </tbody>\n",
       "</table>\n",
       "</div>"
      ],
      "text/plain": [
       "          Orl       Ale       Cor       Dir       Duc       Fon       Ica  \\\n",
       "Orl  1.000000  0.078890 -0.385623 -0.227384 -0.105492  0.353184 -0.878422   \n",
       "Ale  0.078890  1.000000 -0.282634 -0.194375 -0.410363  0.202447 -0.288643   \n",
       "Cor -0.385623 -0.282634  1.000000 -0.162707  0.004942 -0.294130  0.269740   \n",
       "Dir -0.227384 -0.194375 -0.162707  1.000000  0.681087  0.392637  0.155411   \n",
       "Duc -0.105492 -0.410363  0.004942  0.681087  1.000000  0.004630  0.018099   \n",
       "Fon  0.353184  0.202447 -0.294130  0.392637  0.004630  1.000000 -0.307899   \n",
       "Ica -0.878422 -0.288643  0.269740  0.155411  0.018099 -0.307899  1.000000   \n",
       "Zod -0.601608 -0.443854  0.247279 -0.129529 -0.022243 -0.587032  0.685469   \n",
       "Pav  0.656980  0.021842 -0.282714  0.126777  0.500159  0.257892 -0.617662   \n",
       "Coc -0.287188  0.052709 -0.101100 -0.223698 -0.080054 -0.485391  0.259927   \n",
       "Esc  0.264796 -0.242015  0.247859 -0.602991 -0.380329 -0.386293 -0.278894   \n",
       "Hot  0.473373 -0.087529 -0.342543 -0.166731 -0.465978  0.276057 -0.287651   \n",
       "\n",
       "          Zod       Pav       Coc       Esc       Hot  \n",
       "Orl -0.601608  0.656980 -0.287188  0.264796  0.473373  \n",
       "Ale -0.443854  0.021842  0.052709 -0.242015 -0.087529  \n",
       "Cor  0.247279 -0.282714 -0.101100  0.247859 -0.342543  \n",
       "Dir -0.129529  0.126777 -0.223698 -0.602991 -0.166731  \n",
       "Duc -0.022243  0.500159 -0.080054 -0.380329 -0.465978  \n",
       "Fon -0.587032  0.257892 -0.485391 -0.386293  0.276057  \n",
       "Ica  0.685469 -0.617662  0.259927 -0.278894 -0.287651  \n",
       "Zod  1.000000 -0.400936  0.700532  0.048969 -0.338697  \n",
       "Pav -0.400936  1.000000 -0.086339 -0.255967 -0.254436  \n",
       "Coc  0.700532 -0.086339  1.000000 -0.210048 -0.485576  \n",
       "Esc  0.048969 -0.255967 -0.210048  1.000000  0.549594  \n",
       "Hot -0.338697 -0.254436 -0.485576  0.549594  1.000000  "
      ]
     },
     "execution_count": 6,
     "metadata": {},
     "output_type": "execute_result"
    }
   ],
   "source": [
    "fume.corr()"
   ]
  },
  {
   "cell_type": "code",
   "execution_count": 33,
   "metadata": {},
   "outputs": [
    {
     "name": "stdout",
     "output_type": "stream",
     "text": [
      "Zod\n",
      "Ale\n"
     ]
    }
   ],
   "source": [
    "print(max(fume.corr()))\n",
    "print(min(fume.corr()))"
   ]
  },
  {
   "cell_type": "markdown",
   "metadata": {},
   "source": [
    "La corrélation la plus forte est entre Zodiac et Cocker de 0.7, qui se rapproche par leurs caractères cocasses et petite nature. La corrélation la plus faible est entre Pavois et Alezan, ce dernier étant plus racé."
   ]
  },
  {
   "cell_type": "markdown",
   "metadata": {},
   "source": [
    "## En examinant les valeurs propres et leur diagramme, déterminer les axes principaux qu'il faut garder dans les analyses."
   ]
  },
  {
   "cell_type": "markdown",
   "metadata": {},
   "source": [
    "**Attention** : nous voulons expliquer les marques par rapports aux attributs. Nos données sont donc les marques. Il faut transposer le tableau de données."
   ]
  },
  {
   "cell_type": "code",
   "execution_count": 60,
   "metadata": {},
   "outputs": [
    {
     "data": {
      "text/plain": [
       "PCA(n_components=5)"
      ]
     },
     "execution_count": 60,
     "metadata": {},
     "output_type": "execute_result"
    }
   ],
   "source": [
    "from sklearn.decomposition import PCA \n",
    "\n",
    "fume_trans = fume.T\n",
    "pca = PCA(n_components=5)\n",
    "pca.fit(fume.T)"
   ]
  },
  {
   "cell_type": "code",
   "execution_count": 58,
   "metadata": {},
   "outputs": [
    {
     "name": "stdout",
     "output_type": "stream",
     "text": [
      "[0.27226785 0.23044277 0.1807249  0.11845193 0.11238549]\n",
      "[[-0.27755467  0.27578574  0.31178845 -0.43894449  0.02758565  0.09225611\n",
      "   0.50959678 -0.36995872 -0.05165969  0.36404769 -0.12645708]\n",
      " [ 0.62872185  0.15664523  0.26306137  0.09790814  0.16990367  0.01905108\n",
      "   0.16526003 -0.430799   -0.2204282  -0.45865671  0.01733182]\n",
      " [-0.55378893  0.0281491   0.22012048  0.02557242  0.62990557  0.04847246\n",
      "  -0.26680855 -0.12206926 -0.01870147 -0.34767778  0.19227733]\n",
      " [ 0.24940864 -0.17774342  0.23269253 -0.16831251  0.46317983 -0.11912039\n",
      "   0.17114123  0.40729672  0.43904708 -0.00374817 -0.45502323]\n",
      " [ 0.09350155 -0.31976111  0.28129452  0.51730459  0.24736809  0.25926757\n",
      "   0.21055432  0.10651786 -0.22364039  0.48652922  0.26732774]]\n"
     ]
    }
   ],
   "source": [
    "print(pca.explained_variance_ratio_) #information véhiculée\n",
    "print(pca.components_) #vecteur propre"
   ]
  },
  {
   "cell_type": "markdown",
   "metadata": {},
   "source": [
    "Les 4 premiers axes expliquent 91% des données."
   ]
  },
  {
   "cell_type": "markdown",
   "metadata": {},
   "source": [
    "## Interprétation"
   ]
  },
  {
   "cell_type": "markdown",
   "metadata": {},
   "source": [
    "### Les axes"
   ]
  },
  {
   "cell_type": "markdown",
   "metadata": {},
   "source": [
    "Pour les axes retenus représeter sous forme d'un histogramme les corrélations aux anciens axes (`correlations[i].plot.bar()`)"
   ]
  },
  {
   "cell_type": "code",
   "execution_count": 61,
   "metadata": {},
   "outputs": [
    {
     "data": {
      "text/html": [
       "<div>\n",
       "<style scoped>\n",
       "    .dataframe tbody tr th:only-of-type {\n",
       "        vertical-align: middle;\n",
       "    }\n",
       "\n",
       "    .dataframe tbody tr th {\n",
       "        vertical-align: top;\n",
       "    }\n",
       "\n",
       "    .dataframe thead th {\n",
       "        text-align: right;\n",
       "    }\n",
       "</style>\n",
       "<table border=\"1\" class=\"dataframe\">\n",
       "  <thead>\n",
       "    <tr style=\"text-align: right;\">\n",
       "      <th></th>\n",
       "      <th>0</th>\n",
       "      <th>1</th>\n",
       "      <th>2</th>\n",
       "      <th>3</th>\n",
       "      <th>4</th>\n",
       "    </tr>\n",
       "  </thead>\n",
       "  <tbody>\n",
       "    <tr>\n",
       "      <th>VD</th>\n",
       "      <td>-0.341107</td>\n",
       "      <td>0.710860</td>\n",
       "      <td>-0.554494</td>\n",
       "      <td>0.202174</td>\n",
       "      <td>0.073827</td>\n",
       "    </tr>\n",
       "    <tr>\n",
       "      <th>NR</th>\n",
       "      <td>0.562999</td>\n",
       "      <td>0.294196</td>\n",
       "      <td>0.046818</td>\n",
       "      <td>-0.239333</td>\n",
       "      <td>-0.419390</td>\n",
       "    </tr>\n",
       "    <tr>\n",
       "      <th>SE</th>\n",
       "      <td>0.622031</td>\n",
       "      <td>0.482828</td>\n",
       "      <td>0.357786</td>\n",
       "      <td>0.306202</td>\n",
       "      <td>0.360554</td>\n",
       "    </tr>\n",
       "    <tr>\n",
       "      <th>CR</th>\n",
       "      <td>-0.737933</td>\n",
       "      <td>0.151429</td>\n",
       "      <td>0.035026</td>\n",
       "      <td>-0.186637</td>\n",
       "      <td>0.558741</td>\n",
       "    </tr>\n",
       "    <tr>\n",
       "      <th>RA</th>\n",
       "      <td>0.042791</td>\n",
       "      <td>0.242470</td>\n",
       "      <td>0.796082</td>\n",
       "      <td>0.473908</td>\n",
       "      <td>0.246531</td>\n",
       "    </tr>\n",
       "    <tr>\n",
       "      <th>MI</th>\n",
       "      <td>0.350712</td>\n",
       "      <td>0.066628</td>\n",
       "      <td>0.150128</td>\n",
       "      <td>-0.298686</td>\n",
       "      <td>0.633229</td>\n",
       "    </tr>\n",
       "    <tr>\n",
       "      <th>DI</th>\n",
       "      <td>0.805033</td>\n",
       "      <td>0.240181</td>\n",
       "      <td>-0.343398</td>\n",
       "      <td>0.178326</td>\n",
       "      <td>0.213702</td>\n",
       "    </tr>\n",
       "    <tr>\n",
       "      <th>VC</th>\n",
       "      <td>-0.582225</td>\n",
       "      <td>-0.623729</td>\n",
       "      <td>-0.156515</td>\n",
       "      <td>0.422787</td>\n",
       "      <td>0.107700</td>\n",
       "    </tr>\n",
       "    <tr>\n",
       "      <th>HO</th>\n",
       "      <td>-0.127108</td>\n",
       "      <td>-0.498968</td>\n",
       "      <td>-0.037489</td>\n",
       "      <td>0.712536</td>\n",
       "      <td>-0.353533</td>\n",
       "    </tr>\n",
       "    <tr>\n",
       "      <th>FE</th>\n",
       "      <td>0.508527</td>\n",
       "      <td>-0.589423</td>\n",
       "      <td>-0.395680</td>\n",
       "      <td>-0.003453</td>\n",
       "      <td>0.436638</td>\n",
       "    </tr>\n",
       "    <tr>\n",
       "      <th>PN</th>\n",
       "      <td>-0.283600</td>\n",
       "      <td>0.035759</td>\n",
       "      <td>0.351320</td>\n",
       "      <td>-0.673085</td>\n",
       "      <td>0.385181</td>\n",
       "    </tr>\n",
       "  </tbody>\n",
       "</table>\n",
       "</div>"
      ],
      "text/plain": [
       "           0         1         2         3         4\n",
       "VD -0.341107  0.710860 -0.554494  0.202174  0.073827\n",
       "NR  0.562999  0.294196  0.046818 -0.239333 -0.419390\n",
       "SE  0.622031  0.482828  0.357786  0.306202  0.360554\n",
       "CR -0.737933  0.151429  0.035026 -0.186637  0.558741\n",
       "RA  0.042791  0.242470  0.796082  0.473908  0.246531\n",
       "MI  0.350712  0.066628  0.150128 -0.298686  0.633229\n",
       "DI  0.805033  0.240181 -0.343398  0.178326  0.213702\n",
       "VC -0.582225 -0.623729 -0.156515  0.422787  0.107700\n",
       "HO -0.127108 -0.498968 -0.037489  0.712536 -0.353533\n",
       "FE  0.508527 -0.589423 -0.395680 -0.003453  0.436638\n",
       "PN -0.283600  0.035759  0.351320 -0.673085  0.385181"
      ]
     },
     "execution_count": 61,
     "metadata": {},
     "output_type": "execute_result"
    }
   ],
   "source": [
    "U = numpy.transpose(pca.components_) # vecteurs propres\n",
    "C = pandas.DataFrame(fume_trans.dot(U)) # nouvelles coordonnées\n",
    "I = pandas.DataFrame(pca.explained_variance_ratio_)  # information véhiculée\n",
    "\n",
    "correlations = pandas.DataFrame([[C[facteur].corr(fume_trans[column]) for facteur in C] for column in fume_trans], index=fume_trans.columns)\n",
    "correlations"
   ]
  },
  {
   "cell_type": "markdown",
   "metadata": {},
   "source": [
    "interprétations ?"
   ]
  },
  {
   "cell_type": "markdown",
   "metadata": {},
   "source": [
    "L'interprétation se fait en ne gardant que ceux qui contribuent le plus aux axes.\n",
    "- Pour l'axe 1 : Nouveau riche (NR), Sobre et élégant (SE), distingué (DI), femmme (FE)\n",
    "- Pour l'axe 2 : viellot et desuet (VD), non vulgaire (VC) et non pour femme (FE)\n",
    "- Pour l'axe 3 : racé (RA)\n",
    "- Pour l'axe 4 : pour homme (HO)\n",
    "- Pour l'axe 5 : mièvre  (MI)"
   ]
  },
  {
   "cell_type": "code",
   "execution_count": 65,
   "metadata": {},
   "outputs": [
    {
     "data": {
      "text/plain": [
       "<AxesSubplot:>"
      ]
     },
     "execution_count": 65,
     "metadata": {},
     "output_type": "execute_result"
    },
    {
     "data": {
